V = [-25.3,-23.4,-21.2,-19.5,-17.6,-15.4,-13.2,-11.8,-9.2,-7.4,-5,0,0.11,0.24,0.32,0.48,0.66,0.81,1,1.26,1.49,1.67,1.8,2.0,2.27,2.45];
I = [-25.3,-15,-13.2,-11.6,-9.5,-7.4,-5.6,-4.3,-3.1,-2.1,-1,0,0,0,0,0.5,1.1,2.2,3.2,5.4,7.5,10,15,20,25,30];

